LocalTimestamp,EmotiBitTimestamp,PacketNumber,DataLength,TypeTag,ProtocolVersion,DataReliability,BI
1760385036.342597,902157.000,15266,1,BI,1,100,640
1760385037.062595,902877.000,15371,1,BI,1,100,720
1760385037.662594,903477.000,15474,1,BI,1,100,600
1760385038.422591,904237.000,15610,1,BI,1,100,760
1760385039.102589,904917.000,15709,1,BI,1,100,680
1760385039.782588,905597.000,15830,1,BI,1,100,680
1760385040.382586,906197.000,15929,1,BI,1,100,600
1760385041.102584,906917.000,16051,1,BI,1,100,720
1760385041.861582,907676.000,16168,1,BI,1,100,760
1760385042.515580,908330.000,16295,1,BI,1,100,640
1760385043.195578,909010.000,16414,1,BI,1,100,680
1760385043.835576,909650.000,16515,1,BI,1,100,640
1760385044.475574,910290.000,16616,1,BI,1,100,640
1760385045.194572,911009.000,16734,1,BI,1,100,720
1760385045.834570,911649.000,16853,1,BI,1,100,640
1760385046.594568,912409.000,16975,1,BI,1,100,760
1760385047.234566,913049.000,17079,1,BI,1,100,640
1760385047.914564,913729.000,17198,1,BI,1,100,680
1760385048.554562,914369.000,17299,1,BI,1,100,640
1760385049.354560,915169.000,17434,1,BI,1,100,800
1760385049.914558,915729.000,17536,1,BI,1,100,560
1760385050.714556,916529.000,17673,1,BI,1,100,800
1760385051.394554,917209.000,17777,1,BI,1,100,680
1760385052.074552,917889.000,17896,1,BI,1,100,680
1760385052.727550,918542.000,18002,1,BI,1,100,640
1760385053.447548,919262.000,18121,1,BI,1,100,720
1760385054.047546,919862.000,18224,1,BI,1,100,600
1760385054.847544,920662.000,18358,1,BI,1,100,800
1760385055.527542,921342.000,18480,1,BI,1,100,680
1760385056.167540,921982.000,18581,1,BI,1,100,640
1760385056.887538,922702.000,18704,1,BI,1,100,720
1760385057.526536,923341.000,18825,1,BI,1,100,640
1760385058.206534,924021.000,18932,1,BI,1,100,680
1760385058.926532,924741.000,19047,1,BI,1,100,720
1760385059.366531,925181.000,19134,1,BI,1,100,440
1760385060.246528,926061.000,19268,1,BI,1,100,880
1760385060.926526,926741.000,19387,1,BI,1,100,680
1760385061.606524,927421.000,19507,1,BI,1,100,680
1760385062.246522,928061.000,19610,1,BI,1,100,640
1760385062.939521,928754.000,19732,1,BI,1,100,680
1760385063.579519,929394.000,19833,1,BI,1,100,640
1760385064.299517,930114.000,19951,1,BI,1,100,720
1760385064.939515,930754.000,20073,1,BI,1,100,640
1760385065.619513,931434.000,20171,1,BI,1,100,680
1760385067.059509,932874.000,20427,1,BI,1,100,1440
1760385067.699507,933514.000,20534,1,BI,1,100,640
1760385068.419505,934234.000,20650,1,BI,1,100,720
1760385069.099503,934914.000,20771,1,BI,1,100,680
1760385069.819501,935634.000,20888,1,BI,1,100,720
1760385070.459499,936274.000,20991,1,BI,1,100,640
1760385071.179497,936994.000,21109,1,BI,1,100,720
1760385071.778495,937593.000,21214,1,BI,1,100,600
1760385072.498493,938313.000,21329,1,BI,1,100,720
1760385073.138491,938953.000,21454,1,BI,1,100,640
1760385073.792489,939607.000,21555,1,BI,1,100,640
1760385074.472487,940287.000,21674,1,BI,1,100,680
1760385075.191485,941006.000,21794,1,BI,1,100,720
1760385075.831483,941646.000,21895,1,BI,1,100,640
1760385076.511481,942326.000,22014,1,BI,1,100,680
1760385077.191479,943006.000,22115,1,BI,1,100,680
1760385077.871477,943686.000,22238,1,BI,1,100,680
1760385078.551475,944366.000,22359,1,BI,1,100,680
1760385079.271473,945086.000,22480,1,BI,1,100,720
1760385079.911471,945726.000,22582,1,BI,1,100,640
1760385080.591470,946406.000,22700,1,BI,1,100,680
1760385081.191468,947006.000,22784,1,BI,1,100,600
1760385081.991465,947806.000,22920,1,BI,1,100,800
1760385082.591464,948406.000,23023,1,BI,1,100,600
1760385083.351461,949166.000,23165,1,BI,1,100,760
1760385083.991460,949806.000,23264,1,BI,1,100,640
1760385084.684458,950499.000,23385,1,BI,1,100,680
1760385085.364456,951179.000,23484,1,BI,1,100,680
1760385086.044454,951859.000,23603,1,BI,1,100,680
1760385086.684452,952499.000,23723,1,BI,1,100,640
1760385087.444450,953259.000,23843,1,BI,1,100,760
1760385088.123448,953938.000,23966,1,BI,1,100,680
1760385088.803446,954618.000,24066,1,BI,1,100,680
1760385089.483444,955298.000,24184,1,BI,1,100,680
1760385090.203442,956018.000,24303,1,BI,1,100,720
1760385090.883440,956698.000,24421,1,BI,1,100,680
1760385091.643438,957458.000,24540,1,BI,1,100,760
1760385092.243436,958058.000,24643,1,BI,1,100,600
1760385092.963434,958778.000,24761,1,BI,1,100,720
1760385093.723432,959538.000,24903,1,BI,1,100,760
1760385094.323430,960138.000,25004,1,BI,1,100,600
1760385095.123427,960938.000,25140,1,BI,1,100,800
1760385095.736426,961551.000,25240,1,BI,1,100,600
1760385096.456424,962271.000,25360,1,BI,1,100,720
1760385097.216421,963031.000,25478,1,BI,1,100,760
1760385097.896420,963711.000,25596,1,BI,1,100,680
1760385098.576417,964391.000,25720,1,BI,1,100,680
1760385099.256416,965071.000,25823,1,BI,1,100,680
1760385099.976413,965791.000,25958,1,BI,1,100,720
1760385100.616412,966431.000,26063,1,BI,1,100,640
1760385101.375409,967190.000,26180,1,BI,1,100,760
1760385102.015408,967830.000,26304,1,BI,1,100,640
1760385102.775405,968590.000,26421,1,BI,1,100,760
1760385103.455403,969270.000,26544,1,BI,1,100,680
1760385104.135401,969950.000,26663,1,BI,1,100,680
1760385104.815399,970630.000,26764,1,BI,1,100,680
1760385105.495398,971310.000,26882,1,BI,1,100,680
1760385106.215395,972030.000,26999,1,BI,1,100,720
1760385106.855394,972670.000,27103,1,BI,1,100,640
1760385107.508392,973323.000,27222,1,BI,1,100,640
1760385108.308389,974123.000,27359,1,BI,1,100,800
1760385108.988387,974803.000,27467,1,BI,1,100,680
1760385109.668386,975483.000,27582,1,BI,1,100,680
1760385110.348383,976163.000,27702,1,BI,1,100,680
1760385111.068381,976883.000,27821,1,BI,1,100,720
1760385111.748379,977563.000,27924,1,BI,1,100,680
1760385112.428377,978243.000,28044,1,BI,1,100,680
1760385113.108376,978923.000,28161,1,BI,1,100,680
1760385113.788373,979603.000,28267,1,BI,1,100,680
1760385114.388372,980203.000,28370,1,BI,1,100,600
1760385115.227369,981042.000,28523,1,BI,1,100,840
1760385115.867368,981682.000,28622,1,BI,1,100,640
1760385116.507366,982322.000,28727,1,BI,1,100,640
1760385117.267364,983082.000,28864,1,BI,1,100,760
1760385117.947361,983762.000,28964,1,BI,1,100,680
1760385118.667359,984482.000,29081,1,BI,1,100,720
1760385119.387357,985202.000,29223,1,BI,1,100,720
1760385120.080355,985895.000,29326,1,BI,1,100,680
1760385120.760353,986575.000,29444,1,BI,1,100,680
1760385121.440351,987255.000,29563,1,BI,1,100,680
1760385122.240349,988055.000,29699,1,BI,1,100,800
1760385122.880347,988695.000,29800,1,BI,1,100,640
1760385123.600345,989415.000,29918,1,BI,1,100,720
1760385124.240343,990055.000,30028,1,BI,1,100,640
1760385124.560342,990375.000,30097,1,BI,1,100,320
1760385125.000341,990815.000,30165,1,BI,1,100,440
1760385125.640339,991455.000,30268,1,BI,1,100,640
1760385126.400337,992215.000,30406,1,BI,1,100,760
1760385127.240335,993055.000,30540,1,BI,1,100,840
1760385127.840333,993655.000,30641,1,BI,1,100,600
1760385128.519331,994334.000,30742,1,BI,1,100,680
1760385129.239329,995054.000,30864,1,BI,1,100,720
1760385129.879327,995694.000,30986,1,BI,1,100,640
1760385130.599325,996414.000,31104,1,BI,1,100,720
1760385131.239323,997054.000,31204,1,BI,1,100,640
1760385132.012321,997827.000,31343,1,BI,1,100,760
1760385132.692319,998507.000,31442,1,BI,1,100,680
1760385133.332317,999147.000,31562,1,BI,1,100,640
1760385134.172315,999987.000,31703,1,BI,1,100,840
1760385134.812313,1000627.000,31807,1,BI,1,100,640
1760385135.452311,1001267.000,31907,1,BI,1,100,640
1760385136.212309,1002027.000,32043,1,BI,1,100,760
1760385136.812307,1002627.000,32150,1,BI,1,100,600
1760385137.532305,1003347.000,32267,1,BI,1,100,720
1760385138.292303,1004107.000,32383,1,BI,1,100,760
1760385138.972301,1004787.000,32505,1,BI,1,100,680
1760385139.692299,1005507.000,32628,1,BI,1,100,720
1760385140.332297,1006147.000,32729,1,BI,1,100,640
1760385141.052295,1006867.000,32848,1,BI,1,100,720
1760385141.745293,1007560.000,32968,1,BI,1,100,680
1760385142.425291,1008240.000,33087,1,BI,1,100,680
1760385143.065289,1008880.000,33188,1,BI,1,100,640
1760385143.745287,1009560.000,33308,1,BI,1,100,680
1760385144.465285,1010280.000,33414,1,BI,1,100,720
1760385145.144283,1010959.000,33534,1,BI,1,100,680
1760385145.824281,1011639.000,33635,1,BI,1,100,680
1760385146.464279,1012279.000,33756,1,BI,1,100,640
1760385147.224277,1013039.000,33873,1,BI,1,100,760
1760385147.824275,1013639.000,33975,1,BI,1,100,600
1760385148.584273,1014399.000,34092,1,BI,1,100,760
1760385149.264271,1015079.000,34212,1,BI,1,100,680
1760385149.984269,1015799.000,34336,1,BI,1,100,720
1760385150.664267,1016479.000,34457,1,BI,1,100,680
1760385151.344265,1017159.000,34558,1,BI,1,100,680
1760385152.077263,1017892.000,34680,1,BI,1,100,720
1760385152.717261,1018532.000,34795,1,BI,1,100,640
1760385153.437259,1019252.000,34915,1,BI,1,100,720
1760385154.117257,1019932.000,35034,1,BI,1,100,680
1760385154.757255,1020572.000,35122,1,BI,1,100,640
1760385155.477253,1021292.000,35259,1,BI,1,100,720
1760385156.237251,1022052.000,35376,1,BI,1,100,760
1760385156.517250,1022332.000,35429,1,BI,1,100,280
1760385156.877249,1022692.000,35481,1,BI,1,100,360
1760385157.597247,1023412.000,35599,1,BI,1,100,720
1760385158.276245,1024091.000,35716,1,BI,1,100,680
1760385158.676244,1024491.000,35786,1,BI,1,100,400
1760385159.676241,1025491.000,35956,1,BI,1,100,1000
1760385160.356239,1026171.000,36062,1,BI,1,100,680
1760385160.996237,1026811.000,36163,1,BI,1,100,640
1760385161.916234,1027731.000,36337,1,BI,1,100,920
1760385162.396233,1028211.000,36406,1,BI,1,100,480
1760385163.129231,1028944.000,36540,1,BI,1,100,720
