LocalTimestamp,EmotiBitTimestamp,PacketNumber,DataLength,TypeTag,ProtocolVersion,DataReliability,BI
1760385418.437652,1284252.000,13874,1,BI,1,100,600
1760385419.157650,1284972.000,13991,1,BI,1,100,720
1760385420.117647,1285932.000,14159,1,BI,1,100,960
1760385420.757645,1286572.000,14267,1,BI,1,100,640
1760385421.930641,1287745.000,14456,1,BI,1,100,1160
1760385422.610639,1288425.000,14578,1,BI,1,100,680
1760385423.090637,1288905.000,14664,1,BI,1,100,480
1760385423.730635,1289545.000,14768,1,BI,1,100,640
1760385424.330633,1290145.000,14868,1,BI,1,100,600
1760385424.770632,1290585.000,14937,1,BI,1,100,440
1760385425.410630,1291225.000,15056,1,BI,1,100,640
1760385426.130628,1291945.000,15181,1,BI,1,100,720
1760385426.650626,1292465.000,15271,1,BI,1,100,520
1760385427.330624,1293145.000,15389,1,BI,1,100,680
1760385428.009622,1293824.000,15491,1,BI,1,100,680
1760385428.529620,1294344.000,15577,1,BI,1,100,520
1760385429.089618,1294904.000,15680,1,BI,1,100,560
1760385429.769616,1295584.000,15796,1,BI,1,100,680
1760385430.489614,1296304.000,15912,1,BI,1,100,720
1760385431.129612,1296944.000,16017,1,BI,1,100,640
1760385432.182609,1297997.000,16189,1,BI,1,100,1040
1760385433.022606,1298837.000,16326,1,BI,1,100,840
1760385433.702604,1299517.000,16446,1,BI,1,100,680
1760385434.262602,1300077.000,16533,1,BI,1,100,560
1760385434.782600,1300597.000,16638,1,BI,1,100,520
1760385436.062596,1301877.000,16843,1,BI,1,100,1280
1760385436.542595,1302357.000,16929,1,BI,1,100,480
1760385437.102593,1302917.000,17015,1,BI,1,100,560
1760385437.822591,1303637.000,17133,1,BI,1,100,720
1760385438.582588,1304397.000,17268,1,BI,1,100,760
1760385439.062587,1304877.000,17351,1,BI,1,100,480
1760385439.742584,1305557.000,17452,1,BI,1,100,680
1760385440.342583,1306157.000,17555,1,BI,1,100,600
1760385440.902581,1306717.000,17658,1,BI,1,100,560
1760385441.475579,1307290.000,17747,1,BI,1,100,560
1760385442.035577,1307850.000,17850,1,BI,1,100,560
1760385442.715575,1308530.000,17969,1,BI,1,100,680
1760385443.195574,1309010.000,18038,1,BI,1,100,480
1760385443.715572,1309530.000,18125,1,BI,1,100,520
1760385444.314570,1310129.000,18228,1,BI,1,100,600
1760385444.835568,1310650.000,18314,1,BI,1,100,520
1760385445.475566,1311290.000,18433,1,BI,1,100,640
1760385446.274564,1312089.000,18577,1,BI,1,100,800
1760385446.754562,1312569.000,18644,1,BI,1,100,480
1760385447.354560,1313169.000,18747,1,BI,1,100,600
1760385448.034558,1313849.000,18862,1,BI,1,100,680
1760385448.794556,1314609.000,18980,1,BI,1,100,760
1760385449.274554,1315089.000,19065,1,BI,1,100,480
1760385449.874552,1315689.000,19172,1,BI,1,100,600
1760385450.727550,1316542.000,19324,1,BI,1,100,840
1760385451.247548,1317062.000,19416,1,BI,1,100,520
1760385451.927546,1317742.000,19501,1,BI,1,100,680
1760385452.607544,1318422.000,19618,1,BI,1,100,680
1760385453.407541,1319222.000,19754,1,BI,1,100,800
1760385453.927540,1319742.000,19839,1,BI,1,100,520
1760385454.647537,1320462.000,19960,1,BI,1,100,720
1760385455.367535,1321182.000,20081,1,BI,1,100,720
1760385455.887533,1321702.000,20166,1,BI,1,100,520
1760385456.487531,1322302.000,20277,1,BI,1,100,600
1760385457.127529,1322942.000,20396,1,BI,1,100,640
1760385457.846527,1323661.000,20516,1,BI,1,100,720
1760385458.406525,1324221.000,20601,1,BI,1,100,560
1760385459.006523,1324821.000,20705,1,BI,1,100,600
1760385459.726521,1325541.000,20823,1,BI,1,100,720
1760385460.246520,1326061.000,20908,1,BI,1,100,520
1760385461.739515,1327554.000,21172,1,BI,1,100,1480
1760385462.339513,1328154.000,21273,1,BI,1,100,600
1760385463.179510,1328994.000,21407,1,BI,1,100,840
1760385463.779508,1329594.000,21512,1,BI,1,100,600
1760385464.459506,1330274.000,21631,1,BI,1,100,680
1760385465.299504,1331114.000,21766,1,BI,1,100,840
1760385465.779502,1331594.000,21852,1,BI,1,100,480
1760385466.539500,1332354.000,21969,1,BI,1,100,760
1760385467.179497,1332994.000,22079,1,BI,1,100,640
1760385467.739496,1333554.000,22182,1,BI,1,100,560
1760385468.419494,1334234.000,22300,1,BI,1,100,680
1760385469.259491,1335074.000,22435,1,BI,1,100,840
1760385469.739490,1335554.000,22520,1,BI,1,100,480
1760385470.392487,1336207.000,22625,1,BI,1,100,640
1760385471.112485,1336927.000,22743,1,BI,1,100,720
1760385471.712483,1337527.000,22846,1,BI,1,100,600
1760385472.352481,1338167.000,22952,1,BI,1,100,640
1760385473.072479,1338887.000,23071,1,BI,1,100,720
1760385474.352475,1340167.000,23290,1,BI,1,100,1280
1760385474.991473,1340806.000,23391,1,BI,1,100,640
1760385476.431468,1342246.000,23629,1,BI,1,100,1440
1760385476.991467,1342806.000,23736,1,BI,1,100,560
1760385477.551465,1343366.000,23837,1,BI,1,100,560
1760385478.191463,1344006.000,23937,1,BI,1,100,640
1760385478.831461,1344646.000,24042,1,BI,1,100,640
1760385479.444459,1345259.000,24143,1,BI,1,100,600
1760385480.004457,1345819.000,24246,1,BI,1,100,560
1760385480.724455,1346539.000,24363,1,BI,1,100,720
1760385481.884451,1347699.000,24554,1,BI,1,100,1160
1760385483.204447,1349019.000,24777,1,BI,1,100,1320
1760385485.244440,1351059.000,25113,1,BI,1,100,2040
1760385485.884438,1351699.000,25214,1,BI,1,100,640
1760385487.244434,1353059.000,25459,1,BI,1,100,1360
1760385488.764429,1354579.000,25713,1,BI,1,100,1520
1760385489.217428,1355032.000,25782,1,BI,1,100,440
1760385490.577423,1356392.000,26020,1,BI,1,100,1360
1760385491.217421,1357032.000,26124,1,BI,1,100,640
1760385491.936419,1357751.000,26242,1,BI,1,100,720
1760385495.256409,1361071.000,26800,1,BI,1,100,3320
1760385496.776404,1362591.000,27057,1,BI,1,100,1520
1760385497.296402,1363111.000,27143,1,BI,1,100,520
1760385500.029393,1365844.000,27600,1,BI,1,100,2720
1760385500.749391,1366564.000,27720,1,BI,1,100,720
1760385502.869385,1368684.000,28084,1,BI,1,100,2120
1760385503.669382,1369484.000,28206,1,BI,1,100,800
1760385504.269380,1370084.000,28306,1,BI,1,100,600
1760385504.948378,1370763.000,28424,1,BI,1,100,680
1760385505.748375,1371563.000,28560,1,BI,1,100,800
1760385506.348373,1372163.000,28663,1,BI,1,100,600
1760385506.988371,1372803.000,28766,1,BI,1,100,640
1760385507.762369,1373577.000,28905,1,BI,1,100,760
1760385508.441367,1374256.000,29008,1,BI,1,100,680
1760385509.001365,1374816.000,29113,1,BI,1,100,560
1760385511.241358,1377056.000,29480,1,BI,1,100,2240
1760385511.761356,1377576.000,29567,1,BI,1,100,520
1760385512.481354,1378296.000,29684,1,BI,1,100,720
1760385513.001352,1378816.000,29776,1,BI,1,100,520
1760385513.801350,1379616.000,29914,1,BI,1,100,800
1760385515.521344,1381336.000,30199,1,BI,1,100,1720
1760385517.534338,1383349.000,30537,1,BI,1,100,2000
1760385522.413322,1388228.000,31334,1,BI,1,100,4880
1760385523.133320,1388948.000,31455,1,BI,1,100,720
1760385523.653319,1389468.000,31542,1,BI,1,100,520
1760385527.666306,1393481.000,32212,1,BI,1,100,4000
1760385532.306291,1398121.000,32973,1,BI,1,100,4640
1760385533.586287,1399401.000,33180,1,BI,1,100,1280
1760385534.066286,1399881.000,33266,1,BI,1,100,480
1760385535.345282,1401160.000,33468,1,BI,1,100,1280
1760385536.119279,1401934.000,33604,1,BI,1,100,760
1760385539.478268,1405293.000,34168,1,BI,1,100,3360
1760385540.198266,1406013.000,34286,1,BI,1,100,720
1760385541.878261,1407693.000,34559,1,BI,1,100,1680
1760385547.771242,1413586.000,35539,1,BI,1,100,5880
1760385548.411240,1414226.000,35644,1,BI,1,100,640
1760385550.850232,1416665.000,36048,1,BI,1,100,2440
