LocalTimestamp,EmotiBitTimestamp,PacketNumber,DataLength,TypeTag,ProtocolVersion,DataReliability,BI
1760385213.500312,1079313.000,44968,1,BI,1,100,840
1760385214.313283,1080126.000,45105,1,BI,1,100,800
1760385215.113256,1080926.000,45241,1,BI,1,100,800
1760385215.913228,1081726.000,45361,1,BI,1,100,800
1760385216.713201,1082526.000,45505,1,BI,1,100,800
1760385217.153185,1082966.000,45574,1,BI,1,100,440
1760385217.513173,1083326.000,45627,1,BI,1,100,360
1760385218.352144,1084165.000,45780,1,BI,1,100,840
1760385219.112118,1084925.000,45902,1,BI,1,100,760
1760385219.712097,1085525.000,46003,1,BI,1,100,600
1760385219.952089,1085765.000,46040,1,BI,1,100,240
1760385220.752061,1086565.000,46177,1,BI,1,100,800
1760385221.312042,1087125.000,46269,1,BI,1,100,560
1760385221.592032,1087405.000,46322,1,BI,1,100,280
1760385222.312007,1088125.000,46444,1,BI,1,100,720
1760385223.151978,1088965.000,46595,1,BI,1,100,840
1760385223.951951,1089765.000,46716,1,BI,1,100,800
1760385224.764923,1090578.000,46853,1,BI,1,100,800
1760385225.604894,1091418.000,47007,1,BI,1,100,840
1760385226.444865,1092258.000,47150,1,BI,1,100,840
1760385227.244837,1093058.000,47269,1,BI,1,100,800
1760385228.084808,1093898.000,47423,1,BI,1,100,840
1760385228.644789,1094458.000,47509,1,BI,1,100,560
1760385229.444761,1095258.000,47645,1,BI,1,100,800
1760385229.684753,1095498.000,47683,1,BI,1,100,240
1760385230.444727,1096258.000,47819,1,BI,1,100,760
1760385231.323697,1097137.000,47980,1,BI,1,100,880
1760385232.123669,1097937.000,48099,1,BI,1,100,800
1760385232.883643,1098697.000,48221,1,BI,1,100,760
1760385233.683615,1099497.000,48358,1,BI,1,100,800
1760385234.483588,1100297.000,48494,1,BI,1,100,800
1760385235.336558,1101150.000,48647,1,BI,1,100,840
1760385236.176529,1101990.000,48783,1,BI,1,100,840
1760385236.976501,1102790.000,48910,1,BI,1,100,800
1760385237.776474,1103590.000,49048,1,BI,1,100,800
1760385238.616445,1104430.000,49200,1,BI,1,100,840
1760385239.376419,1105190.000,49322,1,BI,1,100,760
1760385240.216390,1106030.000,49458,1,BI,1,100,840
1760385240.976363,1106790.000,49595,1,BI,1,100,760
1760385241.776336,1107590.000,49721,1,BI,1,100,800
1760385242.576308,1108390.000,49857,1,BI,1,100,800
1760385243.376281,1109190.000,49994,1,BI,1,100,800
1760385243.976260,1109790.000,50095,1,BI,1,100,600
1760385245.029224,1110843.000,50267,1,BI,1,100,1040
1760385245.829196,1111643.000,50403,1,BI,1,100,800
1760385246.389177,1112203.000,50508,1,BI,1,100,560
1760385247.389142,1113203.000,50669,1,BI,1,100,1000
1760385248.188115,1114002.000,50805,1,BI,1,100,800
1760385249.068084,1114882.000,50958,1,BI,1,100,880
1760385249.788059,1115602.000,51078,1,BI,1,100,720
1760385250.588032,1116402.000,51215,1,BI,1,100,800
1760385251.348006,1117162.000,51337,1,BI,1,100,760
1760385251.827989,1117642.000,51427,1,BI,1,100,480
1760385252.227975,1118042.000,51481,1,BI,1,100,400
1760385253.027948,1118842.000,51618,1,BI,1,100,800
1760385253.827920,1119642.000,51754,1,BI,1,100,800
1760385254.627892,1120442.000,51891,1,BI,1,100,800
1760385255.067877,1120882.000,51960,1,BI,1,100,440
1760385255.480863,1121295.000,52029,1,BI,1,100,400
1760385256.240837,1122055.000,52167,1,BI,1,100,760
1760385257.080808,1122895.000,52311,1,BI,1,100,840
1760385257.720786,1123535.000,52414,1,BI,1,100,640
1760385258.680753,1124495.000,52568,1,BI,1,100,960
1760385259.160736,1124975.000,52653,1,BI,1,100,480
1760385259.520724,1125335.000,52722,1,BI,1,100,360
1760385260.280697,1126095.000,52842,1,BI,1,100,760
1760385261.120668,1126935.000,52995,1,BI,1,100,840
1760385261.919641,1127734.000,53119,1,BI,1,100,800
1760385262.719613,1128534.000,53261,1,BI,1,100,800
1760385263.479587,1129294.000,53380,1,BI,1,100,760
1760385264.359556,1130174.000,53534,1,BI,1,100,880
1760385265.093531,1130908.000,53652,1,BI,1,100,720
1760385265.732509,1131547.000,53773,1,BI,1,100,640
1760385266.052498,1131867.000,53825,1,BI,1,100,320
1760385266.812472,1132627.000,53947,1,BI,1,100,760
1760385267.612444,1133427.000,54090,1,BI,1,100,800
1760385268.452415,1134267.000,54226,1,BI,1,100,840
1760385269.252388,1135067.000,54362,1,BI,1,100,800
1760385269.732371,1135547.000,54448,1,BI,1,100,480
1760385270.092359,1135907.000,54501,1,BI,1,100,360
1760385270.892331,1136707.000,54637,1,BI,1,100,800
1760385271.692303,1137507.000,54776,1,BI,1,100,800
1760385272.452277,1138267.000,54902,1,BI,1,100,760
1760385273.292248,1139107.000,55038,1,BI,1,100,840
1760385274.092221,1139907.000,55175,1,BI,1,100,800
1760385274.891193,1140706.000,55311,1,BI,1,100,800
1760385275.385176,1141200.000,55398,1,BI,1,100,480
1760385275.665166,1141480.000,55450,1,BI,1,100,280
1760385276.465139,1142280.000,55588,1,BI,1,100,800
1760385277.265111,1143080.000,55710,1,BI,1,100,800
1760385278.064084,1143879.000,55852,1,BI,1,100,800
1760385278.864056,1144679.000,55988,1,BI,1,100,800
1760385279.624030,1145439.000,56107,1,BI,1,100,760
1760385280.464001,1146279.000,56261,1,BI,1,100,840
1760385281.263973,1147079.000,56382,1,BI,1,100,800
1760385282.103944,1147919.000,56536,1,BI,1,100,840
1760385282.943915,1148759.000,56679,1,BI,1,100,840
1760385283.743888,1149559.000,56798,1,BI,1,100,800
1760385284.543860,1150359.000,56934,1,BI,1,100,800
1760385285.356832,1151172.000,57071,1,BI,1,100,800
1760385286.196803,1152012.000,57224,1,BI,1,100,840
1760385286.956777,1152772.000,57348,1,BI,1,100,760
1760385287.516757,1153332.000,57448,1,BI,1,100,560
1760385287.796748,1153612.000,57491,1,BI,1,100,280
1760385288.636719,1154452.000,57628,1,BI,1,100,840
1760385289.436691,1155252.000,57764,1,BI,1,100,800
1760385289.996672,1155812.000,57851,1,BI,1,100,560
1760385290.276662,1156092.000,57902,1,BI,1,100,280
1760385291.075635,1156891.000,58039,1,BI,1,100,800
1760385291.876607,1157692.000,58179,1,BI,1,100,800
1760385292.675580,1158491.000,58316,1,BI,1,100,800
1760385293.555549,1159371.000,58455,1,BI,1,100,880
1760385294.075531,1159891.000,58542,1,BI,1,100,520
1760385294.395520,1160211.000,58594,1,BI,1,100,320
1760385295.128495,1160944.000,58716,1,BI,1,100,720
1760385296.008464,1161824.000,58867,1,BI,1,100,880
1760385296.728440,1162544.000,58991,1,BI,1,100,720
1760385297.568411,1163384.000,59144,1,BI,1,100,840
1760385298.368383,1164184.000,59269,1,BI,1,100,800
1760385299.168355,1164984.000,59405,1,BI,1,100,800
1760385299.968328,1165784.000,59543,1,BI,1,100,800
1760385300.448311,1166264.000,59613,1,BI,1,100,480
1760385300.768300,1166584.000,59682,1,BI,1,100,320
1760385301.568273,1167384.000,59803,1,BI,1,100,800
1760385302.288248,1168104.000,59940,1,BI,1,100,720
1760385303.088220,1168904.000,60065,1,BI,1,100,800
1760385303.888193,1169704.000,60203,1,BI,1,100,800
1760385304.461173,1170277.000,60289,1,BI,1,100,560
1760385305.301144,1171117.000,60441,1,BI,1,100,840
1760385305.581134,1171397.000,60495,1,BI,1,100,280
1760385306.381107,1172197.000,60617,1,BI,1,100,800
1760385307.181079,1172997.000,60753,1,BI,1,100,800
1760385307.941053,1173757.000,60890,1,BI,1,100,760
1760385308.781024,1174597.000,61033,1,BI,1,100,840
1760385309.340004,1175156.000,61117,1,BI,1,100,560
1760385309.539998,1175356.000,61154,1,BI,1,100,200
1760385310.059980,1175876.000,61241,1,BI,1,100,520
1760385311.099944,1176916.000,61427,1,BI,1,100,1040
1760385311.739922,1177556.000,61532,1,BI,1,100,640
1760385311.979913,1177796.000,61568,1,BI,1,100,240
1760385312.539894,1178356.000,61670,1,BI,1,100,560
1760385312.819884,1178636.000,61706,1,BI,1,100,280
1760385313.379865,1179196.000,61812,1,BI,1,100,560
1760385313.579858,1179396.000,61850,1,BI,1,100,200
1760385313.979844,1179796.000,61902,1,BI,1,100,400
1760385314.472827,1180289.000,61988,1,BI,1,100,480
1760385315.272800,1181089.000,62124,1,BI,1,100,800
1760385315.712785,1181529.000,62211,1,BI,1,100,440
1760385316.112771,1181929.000,62280,1,BI,1,100,400
1760385316.912743,1182729.000,62401,1,BI,1,100,800
1760385317.432725,1183249.000,62504,1,BI,1,100,520
1760385317.752714,1183569.000,62557,1,BI,1,100,320
1760385318.552686,1184369.000,62683,1,BI,1,100,800
1760385319.032670,1184849.000,62768,1,BI,1,100,480
1760385319.392658,1185209.000,62822,1,BI,1,100,360
1760385319.872641,1185689.000,62907,1,BI,1,100,480
1760385320.192630,1186009.000,62960,1,BI,1,100,320
1760385320.752611,1186569.000,63061,1,BI,1,100,560
1760385321.512584,1187329.000,63185,1,BI,1,100,760
1760385321.831573,1187648.000,63237,1,BI,1,100,320
1760385322.591547,1188408.000,63374,1,BI,1,100,760
1760385323.391520,1189208.000,63510,1,BI,1,100,800
1760385323.911502,1189728.000,63585,1,BI,1,100,520
1760385324.204492,1190021.000,63639,1,BI,1,100,280
1760385324.724473,1190541.000,63725,1,BI,1,100,520
1760385325.044462,1190861.000,63794,1,BI,1,100,320
1760385325.764438,1191581.000,63914,1,BI,1,100,720
1760385326.284420,1192101.000,64002,1,BI,1,100,520
1760385326.644407,1192461.000,64055,1,BI,1,100,360
1760385327.364383,1193181.000,64174,1,BI,1,100,720
1760385328.124356,1193941.000,64311,1,BI,1,100,760
1760385328.964327,1194781.000,64454,1,BI,1,100,840
1760385329.444311,1195261.000,64540,1,BI,1,100,480
1760385330.284282,1196101.000,64677,1,BI,1,100,840
1760385330.644269,1196461.000,64729,1,BI,1,100,360
1760385331.084254,1196901.000,64815,1,BI,1,100,440
1760385331.364244,1197181.000,64853,1,BI,1,100,280
1760385332.204216,1198021.000,65005,1,BI,1,100,840
1760385332.684199,1198501.000,65075,1,BI,1,100,480
1760385333.044187,1198861.000,65144,1,BI,1,100,360
1760385333.524170,1199341.000,65230,1,BI,1,100,480
1760385333.843159,1199660.000,65273,1,BI,1,100,320
1760385334.657131,1200474.000,65410,1,BI,1,100,800
1760385335.457103,1201274.000,10,1,BI,1,100,800
1760385336.257076,1202074.000,148,1,BI,1,100,800
1760385337.097047,1202914.000,285,1,BI,1,100,840
1760385338.016015,1203833.000,434,1,BI,1,100,920
