LocalTimestamp,EmotiBitTimestamp,PacketNumber,DataLength,TypeTag,ProtocolVersion,DataReliability,BI
1760386111.967471,1977783.000,63582,1,BI,1,100,480
1760386112.287467,1978103.000,63634,1,BI,1,100,320
1760386112.767460,1978583.000,63701,1,BI,1,100,480
1760386113.567448,1979383.000,63835,1,BI,1,100,800
1760386113.887444,1979703.000,63886,1,BI,1,100,320
1760386114.380436,1980196.000,63973,1,BI,1,100,480
1760386114.740431,1980556.000,64040,1,BI,1,100,360
1760386115.220424,1981036.000,64126,1,BI,1,100,480
1760386115.580419,1981396.000,64179,1,BI,1,100,360
1760386116.020413,1981836.000,64246,1,BI,1,100,440
1760386116.420407,1982236.000,64320,1,BI,1,100,400
1760386116.860400,1982676.000,64387,1,BI,1,100,440
1760386117.260395,1983076.000,64455,1,BI,1,100,400
1760386117.700388,1983516.000,64538,1,BI,1,100,440
1760386118.099383,1983915.000,64605,1,BI,1,100,400
1760386118.539376,1984355.000,64673,1,BI,1,100,440
1760386118.939370,1984755.000,64740,1,BI,1,100,400
1760386119.339365,1985155.000,64807,1,BI,1,100,400
1760386119.699359,1985515.000,64860,1,BI,1,100,360
1760386120.139353,1985955.000,64943,1,BI,1,100,440
1760386120.499348,1986315.000,64996,1,BI,1,100,360
1760386120.979341,1986795.000,65078,1,BI,1,100,480
1760386121.379335,1987195.000,65155,1,BI,1,100,400
1760386121.779329,1987595.000,65205,1,BI,1,100,400
1760386122.179323,1987995.000,65272,1,BI,1,100,400
1760386122.619317,1988435.000,65359,1,BI,1,100,440
1760386122.979312,1988795.000,65409,1,BI,1,100,360
1760386123.419306,1989235.000,65493,1,BI,1,100,440
1760386123.819300,1989635.000,25,1,BI,1,100,400
1760386124.232294,1990048.000,92,1,BI,1,100,400
1760386124.592288,1990408.000,142,1,BI,1,100,360
1760386125.072282,1990888.000,226,1,BI,1,100,480
1760386125.432276,1991248.000,277,1,BI,1,100,360
1760386125.832271,1991648.000,345,1,BI,1,100,400
1760386126.192265,1992008.000,415,1,BI,1,100,360
1760386126.672258,1992488.000,502,1,BI,1,100,480
1760386126.992254,1992808.000,554,1,BI,1,100,320
1760386127.472247,1993288.000,637,1,BI,1,100,480
1760386127.832242,1993648.000,688,1,BI,1,100,360
1760386128.272235,1994088.000,756,1,BI,1,100,440
1760386128.672230,1994488.000,823,1,BI,1,100,400
1760386129.072224,1994888.000,890,1,BI,1,100,400
1760386129.392219,1995208.000,957,1,BI,1,100,320
1760386129.872212,1995688.000,1024,1,BI,1,100,480
1760386130.232207,1996048.000,1092,1,BI,1,100,360
1760386130.672200,1996488.000,1159,1,BI,1,100,440
1760386131.032195,1996848.000,1226,1,BI,1,100,360
1760386131.471189,1997287.000,1295,1,BI,1,100,440
1760386131.791184,1997607.000,1351,1,BI,1,100,320
1760386132.231178,1998047.000,1419,1,BI,1,100,440
1760386132.591173,1998407.000,1488,1,BI,1,100,360
1760386133.031166,1998847.000,1555,1,BI,1,100,440
1760386133.391161,1999207.000,1622,1,BI,1,100,360
1760386133.845155,1999661.000,1689,1,BI,1,100,440
1760386134.245149,2000061.000,1757,1,BI,1,100,400
1760386134.644143,2000460.000,1824,1,BI,1,100,400
1760386135.004138,2000820.000,1891,1,BI,1,100,360
1760386135.444131,2001260.000,1958,1,BI,1,100,440
1760386135.804126,2001620.000,2025,1,BI,1,100,360
1760386136.204120,2002020.000,2095,1,BI,1,100,400
1760386136.564115,2002380.000,2145,1,BI,1,100,360
1760386137.004109,2002820.000,2217,1,BI,1,100,440
1760386137.364104,2003180.000,2285,1,BI,1,100,360
1760386137.804097,2003620.000,2352,1,BI,1,100,440
1760386138.164092,2003980.000,2421,1,BI,1,100,360
1760386138.604086,2004420.000,2488,1,BI,1,100,440
1760386139.004080,2004820.000,2555,1,BI,1,100,400
1760386139.404074,2005220.000,2622,1,BI,1,100,400
1760386139.804068,2005620.000,2689,1,BI,1,100,400
1760386140.204062,2006020.000,2757,1,BI,1,100,400
1760386140.564057,2006380.000,2808,1,BI,1,100,360
1760386141.004051,2006820.000,2891,1,BI,1,100,440
1760386141.844039,2007660.000,3030,1,BI,1,100,840
1760386142.204034,2008020.000,3098,1,BI,1,100,360
1760386142.644027,2008460.000,3165,1,BI,1,100,440
1760386143.004022,2008820.000,3216,1,BI,1,100,360
1760386143.444016,2009260.000,3299,1,BI,1,100,440
1760386143.777011,2009593.000,3350,1,BI,1,100,320
1760386144.257004,2010073.000,3434,1,BI,1,100,480
1760386144.616999,2010433.000,3486,1,BI,1,100,360
1760386145.056992,2010873.000,3568,1,BI,1,100,440
1760386145.416987,2011233.000,3621,1,BI,1,100,360
1760386145.856981,2011673.000,3703,1,BI,1,100,440
1760386146.256975,2012073.000,3772,1,BI,1,100,400
1760386146.656969,2012473.000,3825,1,BI,1,100,400
1760386147.056963,2012873.000,3897,1,BI,1,100,400
1760386147.456958,2013273.000,3964,1,BI,1,100,400
1760386147.855952,2013672.000,4031,1,BI,1,100,400
1760386148.255946,2014072.000,4099,1,BI,1,100,400
1760386148.615941,2014432.000,4166,1,BI,1,100,360
1760386149.015935,2014832.000,4233,1,BI,1,100,400
1760386149.415929,2015232.000,4300,1,BI,1,100,400
1760386149.815923,2015632.000,4368,1,BI,1,100,400
1760386150.175918,2015992.000,4417,1,BI,1,100,360
1760386150.615912,2016432.000,4485,1,BI,1,100,440
1760386151.015906,2016832.000,4552,1,BI,1,100,400
1760386151.455899,2017272.000,4638,1,BI,1,100,440
1760386151.775895,2017592.000,4690,1,BI,1,100,320
1760386152.215889,2018032.000,4763,1,BI,1,100,440
1760386152.575883,2018392.000,4830,1,BI,1,100,360
1760386153.015877,2018832.000,4897,1,BI,1,100,440
1760386153.375872,2019192.000,4948,1,BI,1,100,360
1760386153.775866,2019592.000,5015,1,BI,1,100,400
1760386154.188860,2020005.000,5082,1,BI,1,100,400
1760386154.628854,2020445.000,5166,1,BI,1,100,440
1760386155.028848,2020845.000,5233,1,BI,1,100,400
1760386155.388843,2021205.000,5284,1,BI,1,100,360
1760386155.748837,2021565.000,5351,1,BI,1,100,360
1760386156.188831,2022005.000,5420,1,BI,1,100,440
1760386156.588825,2022405.000,5489,1,BI,1,100,400
1760386156.988820,2022805.000,5557,1,BI,1,100,400
1760386157.388814,2023205.000,5629,1,BI,1,100,400
1760386157.788808,2023605.000,5696,1,BI,1,100,400
1760386158.148803,2023965.000,5746,1,BI,1,100,360
1760386158.548797,2024365.000,5813,1,BI,1,100,400
1760386158.948791,2024765.000,5881,1,BI,1,100,400
1760386159.388785,2025205.000,5965,1,BI,1,100,440
1760386159.748780,2025565.000,6015,1,BI,1,100,360
1760386160.148774,2025965.000,6082,1,BI,1,100,400
1760386160.548768,2026365.000,6150,1,BI,1,100,400
1760386160.947762,2026764.000,6217,1,BI,1,100,400
1760386161.387756,2027204.000,6286,1,BI,1,100,440
1760386161.747751,2027564.000,6353,1,BI,1,100,360
1760386162.107745,2027924.000,6406,1,BI,1,100,360
1760386162.547739,2028364.000,6493,1,BI,1,100,440
1760386162.907734,2028724.000,6546,1,BI,1,100,360
1760386163.307728,2029124.000,6613,1,BI,1,100,400
1760386163.667723,2029484.000,6680,1,BI,1,100,360
1760386164.121716,2029938.000,6747,1,BI,1,100,440
1760386164.480711,2030297.000,6814,1,BI,1,100,360
1760386164.880705,2030697.000,6882,1,BI,1,100,400
1760386165.240700,2031057.000,6932,1,BI,1,100,360
1760386165.640694,2031457.000,6999,1,BI,1,100,400
1760386165.960690,2031777.000,7052,1,BI,1,100,320
1760386166.440683,2032257.000,7135,1,BI,1,100,480
1760386167.200672,2033017.000,7269,1,BI,1,100,760
1760386167.520667,2033337.000,7326,1,BI,1,100,320
1760386167.960661,2033777.000,7393,1,BI,1,100,440
1760386168.280656,2034097.000,7443,1,BI,1,100,320
1760386168.720650,2034537.000,7510,1,BI,1,100,440
1760386169.080644,2034897.000,7577,1,BI,1,100,360
1760386169.480639,2035297.000,7644,1,BI,1,100,400
1760386169.880633,2035697.000,7712,1,BI,1,100,400
1760386170.320626,2036137.000,7779,1,BI,1,100,440
1760386170.640622,2036457.000,7832,1,BI,1,100,320
1760386171.040616,2036857.000,7899,1,BI,1,100,400
1760386171.400611,2037217.000,7968,1,BI,1,100,360
1760386171.840605,2037657.000,8035,1,BI,1,100,440
1760386172.240599,2038057.000,8103,1,BI,1,100,400
1760386172.640593,2038457.000,8175,1,BI,1,100,400
1760386173.000588,2038817.000,8225,1,BI,1,100,360
1760386173.440581,2039257.000,8309,1,BI,1,100,440
1760386173.813576,2039630.000,8377,1,BI,1,100,360
1760386174.253570,2040070.000,8444,1,BI,1,100,440
1760386174.653564,2040470.000,8511,1,BI,1,100,400
1760386175.053558,2040870.000,8578,1,BI,1,100,400
1760386175.413553,2041230.000,8630,1,BI,1,100,360
1760386175.853546,2041670.000,8713,1,BI,1,100,440
1760386176.213541,2042030.000,8767,1,BI,1,100,360
1760386176.653535,2042470.000,8834,1,BI,1,100,440
1760386176.973530,2042790.000,8901,1,BI,1,100,320
1760386177.412524,2043229.000,8968,1,BI,1,100,440
1760386177.812518,2043629.000,9040,1,BI,1,100,400
1760386178.212512,2044029.000,9108,1,BI,1,100,400
1760386178.612506,2044429.000,9175,1,BI,1,100,400
1760386179.052500,2044869.000,9242,1,BI,1,100,440
1760386179.372495,2045189.000,9293,1,BI,1,100,320
1760386179.852489,2045669.000,9377,1,BI,1,100,480
1760386180.212483,2046029.000,9428,1,BI,1,100,360
1760386180.652477,2046469.000,9511,1,BI,1,100,440
1760386181.012472,2046829.000,9564,1,BI,1,100,360
1760386181.452465,2047269.000,9647,1,BI,1,100,440
1760386181.772461,2047589.000,9700,1,BI,1,100,320
1760386182.252454,2048069.000,9768,1,BI,1,100,480
1760386182.652448,2048469.000,9835,1,BI,1,100,400
1760386183.052442,2048869.000,9906,1,BI,1,100,400
1760386183.505435,2049322.000,9973,1,BI,1,100,440
1760386183.905430,2049722.000,10041,1,BI,1,100,400
1760386184.265424,2050082.000,10109,1,BI,1,100,360
1760386184.745418,2050562.000,10177,1,BI,1,100,480
1760386185.105412,2050922.000,10244,1,BI,1,100,360
1760386185.545406,2051362.000,10312,1,BI,1,100,440
1760386185.945400,2051762.000,10379,1,BI,1,100,400
1760386186.385394,2052202.000,10448,1,BI,1,100,440
1760386186.745389,2052562.000,10515,1,BI,1,100,360
1760386187.185382,2053002.000,10582,1,BI,1,100,440
1760386187.465378,2053282.000,10633,1,BI,1,100,280
1760386187.945371,2053762.000,10722,1,BI,1,100,480
1760386188.305366,2054122.000,10773,1,BI,1,100,360
1760386188.785359,2054602.000,10856,1,BI,1,100,480
1760386189.145354,2054962.000,10924,1,BI,1,100,360
1760386189.625347,2055442.000,10991,1,BI,1,100,480
1760386189.985342,2055802.000,11058,1,BI,1,100,360
1760386190.425335,2056242.000,11125,1,BI,1,100,440
1760386190.784330,2056601.000,11192,1,BI,1,100,360
1760386191.264323,2057081.000,11262,1,BI,1,100,480
1760386191.624318,2057441.000,11329,1,BI,1,100,360
1760386192.065312,2057882.000,11396,1,BI,1,100,440
1760386192.464306,2058281.000,11463,1,BI,1,100,400
1760386192.918299,2058735.000,11553,1,BI,1,100,440
1760386193.318294,2059135.000,11620,1,BI,1,100,400
1760386193.758287,2059575.000,11687,1,BI,1,100,440
1760386194.158281,2059975.000,11755,1,BI,1,100,400
1760386194.557276,2060374.000,11824,1,BI,1,100,400
1760386194.917270,2060734.000,11874,1,BI,1,100,360
1760386195.397263,2061214.000,11958,1,BI,1,100,480
1760386195.757258,2061574.000,12008,1,BI,1,100,360
1760386196.237251,2062054.000,12095,1,BI,1,100,480
1760386196.557247,2062374.000,12145,1,BI,1,100,320
1760386197.037240,2062854.000,12229,1,BI,1,100,480
1760386197.437234,2063254.000,12296,1,BI,1,100,400
1760386197.837228,2063654.000,12363,1,BI,1,100,400
1760386198.197223,2064014.000,12436,1,BI,1,100,360
1760386198.637217,2064454.000,12503,1,BI,1,100,440
1760386199.037211,2064854.000,12570,1,BI,1,100,400
1760386199.477204,2065294.000,12637,1,BI,1,100,440
1760386199.797200,2065614.000,12687,1,BI,1,100,320
1760386200.277193,2066094.000,12772,1,BI,1,100,480
1760386200.677187,2066494.000,12839,1,BI,1,100,400
1760386201.117181,2066934.000,12906,1,BI,1,100,440
1760386201.437176,2067254.000,12960,1,BI,1,100,320
1760386201.917169,2067734.000,13043,1,BI,1,100,480
1760386202.277164,2068094.000,13110,1,BI,1,100,360
1760386202.757157,2068574.000,13178,1,BI,1,100,480
1760386203.050153,2068867.000,13229,1,BI,1,100,280
1760386203.570145,2069387.000,13319,1,BI,1,100,520
1760386203.970139,2069787.000,13386,1,BI,1,100,400
1760386204.370133,2070187.000,13453,1,BI,1,100,400
1760386204.730128,2070547.000,13520,1,BI,1,100,360
1760386205.170122,2070987.000,13587,1,BI,1,100,440
1760386205.570116,2071387.000,13655,1,BI,1,100,400
1760386206.010110,2071827.000,13722,1,BI,1,100,440
1760386206.370105,2072187.000,13791,1,BI,1,100,360
1760386206.850098,2072667.000,13875,1,BI,1,100,480
1760386207.170093,2072987.000,13925,1,BI,1,100,320
1760386207.649086,2073466.000,14009,1,BI,1,100,480
1760386208.010081,2073827.000,14060,1,BI,1,100,360
1760386208.449075,2074266.000,14148,1,BI,1,100,440
1760386208.849069,2074666.000,14199,1,BI,1,100,400
1760386209.209063,2075026.000,14267,1,BI,1,100,360
1760386209.609058,2075426.000,14334,1,BI,1,100,400
1760386210.049051,2075866.000,14401,1,BI,1,100,440
1760386210.489045,2076306.000,14485,1,BI,1,100,440
1760386210.889039,2076706.000,14552,1,BI,1,100,400
1760386211.289033,2077106.000,14606,1,BI,1,100,400
1760386211.729027,2077546.000,14688,1,BI,1,100,440
1760386212.129021,2077946.000,14755,1,BI,1,100,400
1760386212.542015,2078359.000,14823,1,BI,1,100,400
1760386212.942009,2078759.000,14890,1,BI,1,100,400
1760386213.382003,2079199.000,14963,1,BI,1,100,440
1760386213.781997,2079599.000,15030,1,BI,1,100,400
1760386214.221991,2080039.000,15098,1,BI,1,100,440
1760386214.581986,2080399.000,15148,1,BI,1,100,360
1760386215.021979,2080839.000,15232,1,BI,1,100,440
1760386215.421973,2081239.000,15299,1,BI,1,100,400
1760386215.861967,2081679.000,15367,1,BI,1,100,440
1760386216.221962,2082039.000,15436,1,BI,1,100,360
1760386216.661956,2082479.000,15503,1,BI,1,100,440
1760386217.061950,2082879.000,15570,1,BI,1,100,400
1760386217.461944,2083279.000,15637,1,BI,1,100,400
1760386217.861938,2083679.000,15705,1,BI,1,100,400
1760386218.261932,2084079.000,15772,1,BI,1,100,400
1760386218.701926,2084519.000,15844,1,BI,1,100,440
1760386219.141920,2084959.000,15912,1,BI,1,100,440
1760386219.501914,2085319.000,15981,1,BI,1,100,360
1760386219.941908,2085759.000,16048,1,BI,1,100,440
1760386220.381902,2086199.000,16129,1,BI,1,100,440
1760386220.781896,2086599.000,16182,1,BI,1,100,400
1760386221.100891,2086918.000,16249,1,BI,1,100,320
1760386221.540885,2087358.000,16319,1,BI,1,100,440
1760386221.900880,2087718.000,16369,1,BI,1,100,360
1760386222.380873,2088198.000,16453,1,BI,1,100,480
1760386222.754867,2088572.000,16520,1,BI,1,100,360
1760386223.194861,2089012.000,16587,1,BI,1,100,440
1760386223.554856,2089372.000,16655,1,BI,1,100,360
1760386224.034849,2089852.000,16743,1,BI,1,100,480
1760386224.394844,2090212.000,16794,1,BI,1,100,360
1760386224.834837,2090652.000,16861,1,BI,1,100,440
1760386225.193832,2091011.000,16929,1,BI,1,100,360
1760386225.633826,2091451.000,16996,1,BI,1,100,440
1760386225.993820,2091811.000,17063,1,BI,1,100,360
1760386226.433814,2092251.000,17132,1,BI,1,100,440
1760386226.753809,2092571.000,17184,1,BI,1,100,320
1760386227.233802,2093051.000,17267,1,BI,1,100,480
1760386227.633797,2093451.000,17334,1,BI,1,100,400
1760386228.073790,2093891.000,17402,1,BI,1,100,440
1760386228.433785,2094251.000,17469,1,BI,1,100,360
1760386228.873779,2094691.000,17543,1,BI,1,100,440
1760386229.313772,2095131.000,17624,1,BI,1,100,440
1760386229.713767,2095531.000,17691,1,BI,1,100,400
1760386230.113761,2095931.000,17744,1,BI,1,100,400
1760386230.513755,2096331.000,17811,1,BI,1,100,400
1760386230.913749,2096731.000,17879,1,BI,1,100,400
1760386231.313743,2097131.000,17948,1,BI,1,100,400
1760386231.673738,2097491.000,18015,1,BI,1,100,360
1760386232.153731,2097971.000,18099,1,BI,1,100,480
1760386232.553725,2098371.000,18166,1,BI,1,100,400
1760386232.953720,2098771.000,18217,1,BI,1,100,400
1760386233.286715,2099104.000,18284,1,BI,1,100,320
1760386233.766708,2099584.000,18351,1,BI,1,100,480
1760386234.126703,2099944.000,18423,1,BI,1,100,360
1760386234.566696,2100384.000,18491,1,BI,1,100,440
1760386234.926691,2100744.000,18558,1,BI,1,100,360
1760386235.366685,2101184.000,18625,1,BI,1,100,440
1760386235.726680,2101544.000,18692,1,BI,1,100,360
1760386236.166673,2101984.000,18761,1,BI,1,100,440
1760386236.566667,2102384.000,18829,1,BI,1,100,400
1760386236.966661,2102784.000,18896,1,BI,1,100,400
1760386237.366656,2103184.000,18964,1,BI,1,100,400
1760386237.765650,2103583.000,19032,1,BI,1,100,400
1760386238.205644,2104023.000,19100,1,BI,1,100,440
1760386238.565638,2104383.000,19167,1,BI,1,100,360
1760386238.965633,2104783.000,19239,1,BI,1,100,400
1760386239.365627,2105183.000,19306,1,BI,1,100,400
1760386239.725621,2105543.000,19356,1,BI,1,100,360
1760386240.125616,2105943.000,19423,1,BI,1,100,400
1760386240.565609,2106383.000,19491,1,BI,1,100,440
1760386240.965604,2106783.000,19558,1,BI,1,100,400
1760386241.325598,2107143.000,19627,1,BI,1,100,360
1760386241.725593,2107543.000,19694,1,BI,1,100,400
1760386242.085588,2107903.000,19747,1,BI,1,100,360
1760386242.485582,2108303.000,19814,1,BI,1,100,400
1760386242.845576,2108663.000,19882,1,BI,1,100,360
1760386243.338569,2109156.000,19963,1,BI,1,100,480
1760386243.698564,2109516.000,20016,1,BI,1,100,360
1760386244.098558,2109916.000,20083,1,BI,1,100,400
