LocalTimestamp,EmotiBitTimestamp,PacketNumber,DataLength,TypeTag,ProtocolVersion,DataReliability,BI
1760384359.999630,225811.000,34994,1,BI,1,100,800
1760384360.759617,226571.000,35131,1,BI,1,100,760
1760384361.159610,226971.000,35200,1,BI,1,100,400
1760384361.519603,227331.000,35252,1,BI,1,100,360
1760384362.039594,227851.000,35345,1,BI,1,100,520
1760384362.599584,228411.000,35431,1,BI,1,100,560
1760384362.999577,228811.000,35500,1,BI,1,100,400
1760384363.519567,229331.000,35587,1,BI,1,100,520
1760384363.759563,229571.000,35637,1,BI,1,100,240
1760384364.212555,230024.000,35708,1,BI,1,100,440
1760384364.492550,230304.000,35759,1,BI,1,100,280
1760384364.972541,230784.000,35844,1,BI,1,100,480
1760384365.212537,231024.000,35880,1,BI,1,100,240
1760384365.732527,231544.000,35967,1,BI,1,100,520
1760384366.412515,232224.000,36086,1,BI,1,100,680
1760384366.652511,232464.000,36119,1,BI,1,100,240
1760384367.132502,232944.000,36213,1,BI,1,100,480
1760384367.412497,233224.000,36249,1,BI,1,100,280
1760384367.812490,233624.000,36318,1,BI,1,100,400
1760384368.132484,233944.000,36368,1,BI,1,100,320
1760384368.532477,234344.000,36437,1,BI,1,100,400
1760384368.852471,234664.000,36507,1,BI,1,100,320
1760384369.292463,235104.000,36576,1,BI,1,100,440
1760384369.532459,235344.000,36613,1,BI,1,100,240
1760384370.012450,235824.000,36699,1,BI,1,100,480
1760384370.292445,236104.000,36751,1,BI,1,100,280
1760384370.772437,236584.000,36819,1,BI,1,100,480
1760384371.012432,236824.000,36871,1,BI,1,100,240
1760384371.531423,237343.000,36959,1,BI,1,100,520
1760384371.812418,237624.000,37014,1,BI,1,100,280
1760384372.251410,238063.000,37086,1,BI,1,100,440
1760384372.531405,238343.000,37122,1,BI,1,100,280
1760384372.851399,238663.000,37190,1,BI,1,100,320
1760384373.291391,239103.000,37257,1,BI,1,100,440
1760384373.785382,239597.000,37340,1,BI,1,100,480
1760384374.025378,239837.000,37377,1,BI,1,100,240
1760384374.504369,240316.000,37462,1,BI,1,100,480
1760384374.784364,240596.000,37512,1,BI,1,100,280
1760384375.504351,241316.000,37628,1,BI,1,100,720
1760384376.024342,241836.000,37714,1,BI,1,100,520
1760384376.304337,242116.000,37766,1,BI,1,100,280
1760384376.744329,242556.000,37836,1,BI,1,100,440
1760384377.024324,242836.000,37890,1,BI,1,100,280
1760384377.504315,243316.000,37964,1,BI,1,100,480
1760384377.744311,243556.000,38002,1,BI,1,100,240
1760384378.224302,244036.000,38084,1,BI,1,100,480
1760384378.504297,244316.000,38138,1,BI,1,100,280
1760384379.224284,245036.000,38258,1,BI,1,100,720
1760384379.664276,245476.000,38325,1,BI,1,100,440
1760384379.944271,245756.000,38377,1,BI,1,100,280
1760384380.424263,246236.000,38464,1,BI,1,100,480
1760384380.704258,246516.000,38514,1,BI,1,100,280
1760384381.424245,247236.000,38634,1,BI,1,100,720
1760384381.864237,247676.000,38703,1,BI,1,100,440
1760384382.144232,247956.000,38753,1,BI,1,100,280
1760384382.584224,248396.000,38827,1,BI,1,100,440
1760384382.864219,248676.000,38863,1,BI,1,100,280
1760384383.304211,249116.000,38947,1,BI,1,100,440
1760384383.597206,249409.000,38997,1,BI,1,100,280
1760384384.077197,249889.000,39064,1,BI,1,100,480
1760384384.317193,250129.000,39117,1,BI,1,100,240
1760384384.797184,250609.000,39203,1,BI,1,100,480
1760384385.077179,250889.000,39239,1,BI,1,100,280
1760384385.557170,251369.000,39323,1,BI,1,100,480
1760384385.837165,251649.000,39375,1,BI,1,100,280
1760384386.277157,252089.000,39442,1,BI,1,100,440
1760384386.557152,252369.000,39495,1,BI,1,100,280
1760384387.037144,252849.000,39579,1,BI,1,100,480
1760384387.277139,253089.000,39612,1,BI,1,100,240
1760384387.717131,253529.000,39689,1,BI,1,100,440
1760384387.957127,253769.000,39722,1,BI,1,100,240
1760384388.476118,254288.000,39807,1,BI,1,100,520
1760384388.716113,254528.000,39857,1,BI,1,100,240
1760384389.236104,255048.000,39941,1,BI,1,100,520
1760384389.436100,255248.000,39977,1,BI,1,100,200
1760384389.916092,255728.000,40058,1,BI,1,100,480
1760384390.156087,255968.000,40094,1,BI,1,100,240
1760384390.636079,256448.000,40178,1,BI,1,100,480
1760384390.916074,256728.000,40228,1,BI,1,100,280
1760384391.356066,257168.000,40298,1,BI,1,100,440
1760384391.636061,257448.000,40348,1,BI,1,100,280
1760384392.076053,257888.000,40416,1,BI,1,100,440
1760384392.356048,258168.000,40468,1,BI,1,100,280
1760384392.836039,258648.000,40540,1,BI,1,100,480
1760384393.076035,258888.000,40576,1,BI,1,100,240
1760384393.556026,259368.000,40658,1,BI,1,100,480
1760384393.849021,259661.000,40710,1,BI,1,100,280
1760384394.289013,260101.000,40777,1,BI,1,100,440
1760384394.609007,260421.000,40828,1,BI,1,100,320
1760384395.009000,260821.000,40895,1,BI,1,100,400
1760384395.288995,261101.000,40945,1,BI,1,100,280
1760384395.768986,261581.000,41030,1,BI,1,100,480
1760384396.008982,261821.000,41065,1,BI,1,100,240
1760384396.448974,262261.000,41150,1,BI,1,100,440
1760384396.728969,262541.000,41184,1,BI,1,100,280
1760384397.208961,263021.000,41269,1,BI,1,100,480
1760384397.448956,263261.000,41303,1,BI,1,100,240
1760384397.928947,263741.000,41391,1,BI,1,100,480
1760384398.168943,263981.000,41426,1,BI,1,100,240
1760384398.648935,264461.000,41510,1,BI,1,100,480
1760384398.928930,264741.000,41560,1,BI,1,100,280
1760384399.328922,265141.000,41628,1,BI,1,100,400
1760384399.648916,265461.000,41678,1,BI,1,100,320
1760384399.968911,265781.000,41730,1,BI,1,100,320
1760384400.368904,266181.000,41798,1,BI,1,100,400
1760384401.088891,266901.000,41916,1,BI,1,100,720
1760384401.528883,267341.000,41989,1,BI,1,100,440
1760384401.807878,267620.000,42039,1,BI,1,100,280
1760384402.207870,268020.000,42108,1,BI,1,100,400
1760384402.527865,268340.000,42163,1,BI,1,100,320
1760384402.967857,268780.000,42235,1,BI,1,100,440
1760384403.247852,269060.000,42287,1,BI,1,100,280
1760384403.687844,269500.000,42356,1,BI,1,100,440
1760384403.981838,269794.000,42409,1,BI,1,100,280
1760384404.421831,270234.000,42477,1,BI,1,100,440
1760384404.700826,270513.000,42526,1,BI,1,100,280
1760384405.140818,270953.000,42594,1,BI,1,100,440
1760384405.420813,271233.000,42645,1,BI,1,100,280
1760384405.820806,271633.000,42712,1,BI,1,100,400
1760384406.180799,271993.000,42781,1,BI,1,100,360
1760384406.580792,272393.000,42852,1,BI,1,100,400
1760384406.860787,272673.000,42888,1,BI,1,100,280
1760384407.300779,273113.000,42973,1,BI,1,100,440
1760384407.580774,273393.000,43007,1,BI,1,100,280
1760384408.020766,273833.000,43097,1,BI,1,100,440
1760384408.300761,274113.000,43132,1,BI,1,100,280
1760384408.740753,274553.000,43199,1,BI,1,100,440
1760384409.020748,274833.000,43249,1,BI,1,100,280
1760384409.460740,275273.000,43334,1,BI,1,100,440
1760384409.740735,275553.000,43370,1,BI,1,100,280
1760384410.220726,276033.000,43451,1,BI,1,100,480
1760384410.460722,276273.000,43487,1,BI,1,100,240
1760384410.940713,276753.000,43571,1,BI,1,100,480
1760384411.180709,276993.000,43605,1,BI,1,100,240
1760384411.660700,277473.000,43690,1,BI,1,100,480
1760384411.940695,277753.000,43741,1,BI,1,100,280
1760384412.300689,278113.000,43808,1,BI,1,100,360
1760384412.660682,278473.000,43860,1,BI,1,100,360
1760384413.060675,278873.000,43928,1,BI,1,100,400
1760384413.380669,279193.000,43983,1,BI,1,100,320
1760384413.793662,279606.000,44050,1,BI,1,100,400
1760384414.073657,279886.000,44102,1,BI,1,100,280
1760384414.513649,280326.000,44169,1,BI,1,100,440
1760384414.793644,280606.000,44220,1,BI,1,100,280
1760384415.273635,281086.000,44287,1,BI,1,100,480
1760384415.513631,281326.000,44337,1,BI,1,100,240
1760384415.993622,281806.000,44404,1,BI,1,100,480
1760384416.233618,282046.000,44457,1,BI,1,100,240
1760384416.713609,282526.000,44542,1,BI,1,100,480
1760384416.993604,282806.000,44576,1,BI,1,100,280
1760384417.473596,283286.000,44661,1,BI,1,100,480
1760384417.713591,283526.000,44694,1,BI,1,100,240
1760384418.192583,284005.000,44778,1,BI,1,100,480
1760384418.392579,284205.000,44819,1,BI,1,100,200
1760384418.872571,284685.000,44886,1,BI,1,100,480
1760384419.112566,284925.000,44937,1,BI,1,100,240
1760384419.872552,285685.000,45054,1,BI,1,100,760
1760384420.592540,286405.000,45170,1,BI,1,100,720
1760384420.992532,286805.000,45237,1,BI,1,100,400
1760384421.352526,287165.000,45306,1,BI,1,100,360
1760384421.712519,287525.000,45356,1,BI,1,100,360
1760384421.952515,287765.000,45409,1,BI,1,100,240
1760384422.432506,288245.000,45477,1,BI,1,100,480
1760384422.712501,288525.000,45526,1,BI,1,100,280
1760384423.152493,288965.000,45611,1,BI,1,100,440
1760384423.432488,289245.000,45650,1,BI,1,100,280
1760384423.925479,289738.000,45733,1,BI,1,100,480
1760384424.165475,289978.000,45769,1,BI,1,100,240
1760384424.645467,290458.000,45853,1,BI,1,100,480
1760384424.885462,290698.000,45887,1,BI,1,100,240
1760384425.365453,291178.000,45971,1,BI,1,100,480
1760384425.605449,291418.000,46006,1,BI,1,100,240
1760384426.045441,291858.000,46089,1,BI,1,100,440
1760384426.325436,292138.000,46124,1,BI,1,100,280
1760384426.805428,292618.000,46210,1,BI,1,100,480
1760384427.045423,292858.000,46261,1,BI,1,100,240
1760384427.485415,293298.000,46328,1,BI,1,100,440
1760384427.805410,293618.000,46378,1,BI,1,100,320
1760384428.285401,294098.000,46462,1,BI,1,100,480
1760384428.525397,294338.000,46503,1,BI,1,100,240
1760384428.965389,294778.000,46570,1,BI,1,100,440
1760384429.245384,295058.000,46620,1,BI,1,100,280
1760384429.685376,295498.000,46687,1,BI,1,100,440
1760384429.965371,295778.000,46740,1,BI,1,100,280
1760384430.285365,296098.000,46790,1,BI,1,100,320
1760384430.725357,296538.000,46857,1,BI,1,100,440
1760384431.085351,296898.000,46929,1,BI,1,100,360
1760384431.404345,297217.000,46982,1,BI,1,100,320
1760384431.804338,297617.000,47051,1,BI,1,100,400
1760384432.124332,297937.000,47105,1,BI,1,100,320
1760384432.524325,298337.000,47172,1,BI,1,100,400
1760384432.844319,298657.000,47223,1,BI,1,100,320
1760384433.244312,299057.000,47290,1,BI,1,100,400
1760384433.564306,299377.000,47340,1,BI,1,100,320
1760384433.964299,299777.000,47416,1,BI,1,100,400
1760384434.298293,300111.000,47467,1,BI,1,100,320
1760384434.698286,300511.000,47534,1,BI,1,100,400
1760384435.058279,300871.000,47602,1,BI,1,100,360
1760384435.417273,301230.000,47652,1,BI,1,100,360
1760384435.777266,301590.000,47719,1,BI,1,100,360
1760384436.137259,301950.000,47772,1,BI,1,100,360
1760384436.497253,302310.000,47841,1,BI,1,100,360
1760384436.897246,302710.000,47908,1,BI,1,100,400
1760384437.217240,303030.000,47958,1,BI,1,100,320
1760384437.617233,303430.000,48025,1,BI,1,100,400
1760384437.937227,303750.000,48076,1,BI,1,100,320
1760384438.377219,304190.000,48143,1,BI,1,100,440
1760384438.657214,304470.000,48195,1,BI,1,100,280
1760384439.137206,304950.000,48267,1,BI,1,100,480
1760384439.417201,305230.000,48318,1,BI,1,100,280
1760384439.857193,305670.000,48386,1,BI,1,100,440
1760384440.137187,305950.000,48437,1,BI,1,100,280
1760384440.577180,306390.000,48504,1,BI,1,100,440
1760384440.897174,306710.000,48571,1,BI,1,100,320
1760384441.297167,307110.000,48622,1,BI,1,100,400
1760384441.617161,307430.000,48691,1,BI,1,100,320
1760384442.057153,307870.000,48759,1,BI,1,100,440
1760384442.337148,308150.000,48811,1,BI,1,100,280
1760384442.777140,308590.000,48878,1,BI,1,100,440
1760384443.097134,308910.000,48929,1,BI,1,100,320
1760384443.497127,309310.000,48996,1,BI,1,100,400
1760384443.817121,309630.000,49046,1,BI,1,100,320
1760384444.270113,310083.000,49120,1,BI,1,100,440
1760384444.510109,310323.000,49171,1,BI,1,100,240
1760384444.950101,310763.000,49238,1,BI,1,100,440
1760384445.230096,311043.000,49288,1,BI,1,100,280
1760384445.670088,311483.000,49355,1,BI,1,100,440
1760384445.950083,311763.000,49408,1,BI,1,100,280
1760384446.390075,312203.000,49480,1,BI,1,100,440
1760384446.670070,312483.000,49529,1,BI,1,100,280
1760384447.110062,312923.000,49597,1,BI,1,100,440
1760384447.390057,313203.000,49648,1,BI,1,100,280
1760384447.830049,313643.000,49715,1,BI,1,100,440
1760384448.109044,313922.000,49767,1,BI,1,100,280
1760384448.589036,314402.000,49849,1,BI,1,100,480
1760384448.829031,314642.000,49885,1,BI,1,100,240
1760384449.269023,315082.000,49956,1,BI,1,100,440
1760384449.549018,315362.000,50007,1,BI,1,100,280
1760384449.989010,315802.000,50075,1,BI,1,100,440
1760384450.269005,316082.000,50126,1,BI,1,100,280
1760384450.708997,316522.000,50193,1,BI,1,100,440
1760384451.028991,316842.000,50243,1,BI,1,100,320
1760384451.428984,317242.000,50313,1,BI,1,100,400
1760384451.708979,317522.000,50364,1,BI,1,100,280
1760384452.148971,317962.000,50433,1,BI,1,100,440
1760384452.428966,318242.000,50483,1,BI,1,100,280
1760384452.868958,318682.000,50567,1,BI,1,100,440
1760384453.188953,319002.000,50617,1,BI,1,100,320
1760384453.628945,319442.000,50684,1,BI,1,100,440
1760384453.881940,319695.000,50737,1,BI,1,100,240
1760384454.321932,320135.000,50812,1,BI,1,100,440
1760384454.601927,320415.000,50845,1,BI,1,100,280
1760384455.081918,320895.000,50929,1,BI,1,100,480
1760384455.361913,321175.000,50980,1,BI,1,100,280
1760384455.761906,321575.000,51047,1,BI,1,100,400
1760384456.081901,321895.000,51099,1,BI,1,100,320
1760384456.481893,322295.000,51170,1,BI,1,100,400
1760384456.841887,322655.000,51221,1,BI,1,100,360
1760384457.201880,323015.000,51288,1,BI,1,100,360
1760384457.561874,323375.000,51338,1,BI,1,100,360
1760384457.961867,323775.000,51405,1,BI,1,100,400
1760384458.281861,324095.000,51458,1,BI,1,100,320
1760384458.721853,324535.000,51542,1,BI,1,100,440
1760384459.001848,324815.000,51595,1,BI,1,100,280
1760384459.401841,325215.000,51650,1,BI,1,100,400
1760384459.721835,325535.000,51703,1,BI,1,100,320
1760384460.121828,325935.000,51770,1,BI,1,100,400
1760384460.441822,326255.000,51820,1,BI,1,100,320
1760384460.881814,326695.000,51904,1,BI,1,100,440
1760384461.160809,326974.000,51938,1,BI,1,100,280
1760384461.601801,327415.000,52023,1,BI,1,100,440
1760384461.920795,327734.000,52074,1,BI,1,100,320
1760384462.320788,328134.000,52141,1,BI,1,100,400
1760384462.640782,328454.000,52193,1,BI,1,100,320
1760384463.040775,328854.000,52261,1,BI,1,100,400
1760384463.360770,329174.000,52311,1,BI,1,100,320
1760384463.814761,329628.000,52395,1,BI,1,100,440
1760384464.094756,329908.000,52429,1,BI,1,100,280
1760384464.534748,330348.000,52502,1,BI,1,100,440
1760384464.813743,330627.000,52553,1,BI,1,100,280
1760384465.213736,331027.000,52620,1,BI,1,100,400
1760384465.533730,331347.000,52672,1,BI,1,100,320
1760384465.973722,331787.000,52739,1,BI,1,100,440
1760384466.253717,332067.000,52792,1,BI,1,100,280
1760384466.693709,332507.000,52863,1,BI,1,100,440
1760384466.973704,332787.000,52913,1,BI,1,100,280
1760384467.453696,333267.000,52998,1,BI,1,100,480
1760384467.733691,333547.000,53048,1,BI,1,100,280
1760384468.213682,334027.000,53115,1,BI,1,100,480
1760384468.493677,334307.000,53168,1,BI,1,100,280
1760384468.933669,334747.000,53253,1,BI,1,100,440
1760384469.213664,335027.000,53291,1,BI,1,100,280
1760384469.693655,335507.000,53381,1,BI,1,100,480
1760384469.973650,335787.000,53416,1,BI,1,100,280
1760384470.413642,336227.000,53502,1,BI,1,100,440
1760384470.693637,336507.000,53553,1,BI,1,100,280
1760384471.133630,336947.000,53620,1,BI,1,100,440
1760384471.413625,337227.000,53674,1,BI,1,100,280
1760384471.893616,337707.000,53741,1,BI,1,100,480
1760384472.213610,338027.000,53810,1,BI,1,100,320
1760384472.613603,338427.000,53861,1,BI,1,100,400
1760384472.933597,338747.000,53928,1,BI,1,100,320
1760384473.346590,339160.000,53998,1,BI,1,100,400
1760384473.706583,339520.000,54047,1,BI,1,100,360
1760384474.106576,339920.000,54116,1,BI,1,100,400
1760384474.466569,340280.000,54184,1,BI,1,100,360
1760384474.826563,340640.000,54240,1,BI,1,100,360
1760384475.186557,341000.000,54290,1,BI,1,100,360
1760384475.546550,341360.000,54357,1,BI,1,100,360
1760384475.906543,341720.000,54427,1,BI,1,100,360
1760384476.266537,342080.000,54479,1,BI,1,100,360
1760384476.626531,342440.000,54548,1,BI,1,100,360
1760384477.026523,342840.000,54616,1,BI,1,100,400
1760384477.346518,343160.000,54666,1,BI,1,100,320
1760384477.745510,343559.000,54733,1,BI,1,100,400
1760384478.066505,343880.000,54785,1,BI,1,100,320
1760384478.465497,344279.000,54853,1,BI,1,100,400
1760384478.785492,344599.000,54903,1,BI,1,100,320
1760384479.185484,344999.000,54970,1,BI,1,100,400
1760384479.505479,345319.000,55021,1,BI,1,100,320
1760384479.945471,345759.000,55094,1,BI,1,100,440
1760384480.225466,346039.000,55145,1,BI,1,100,280
1760384480.665458,346479.000,55212,1,BI,1,100,440
1760384480.985452,346799.000,55263,1,BI,1,100,320
1760384481.385445,347199.000,55335,1,BI,1,100,400
1760384481.705439,347519.000,55385,1,BI,1,100,320
1760384482.105432,347919.000,55454,1,BI,1,100,400
1760384482.425426,348239.000,55505,1,BI,1,100,320
1760384482.785420,348599.000,55572,1,BI,1,100,360
1760384483.145413,348959.000,55622,1,BI,1,100,360
1760384483.558406,349372.000,55689,1,BI,1,100,400
1760384483.838401,349652.000,55740,1,BI,1,100,280
1760384484.278393,350092.000,55825,1,BI,1,100,440
1760384484.598387,350412.000,55880,1,BI,1,100,320
1760384485.038379,350852.000,55953,1,BI,1,100,440
1760384485.438372,351252.000,56022,1,BI,1,100,400
1760384485.838365,351652.000,56089,1,BI,1,100,400
1760384486.438354,352252.000,56193,1,BI,1,100,600
1760384487.758330,353572.000,56408,1,BI,1,100,1320
